16386
16393
49169
32795
16413
16414
32799
49186
16420
16422
16424
16426
32817
16435
16438
16440
59
64
65
66
67
68
69
70
32839
72
71
74
75
73
77
78
79
80
81
82
83
84
85
86
16471
88
49245
16480
16487
32882
16505
16506
16507
49276
16508
16511
16513
16528
16530
16536
49312
49316
16550
49319
16558
16560
16570
32955
16577
32967
16592
49369
49382
49391
16624
16628
16629
16630
49405
16637
256
257
258
261
262
263
264
266
267
268
269
270
271
272
16652
274
275
276
277
273
279
280
281
282
278
284
285
286
16685
33073
314
315
33084
318
319
320
321
322
323
324
325
326
327
328
329
330
331
332
333
334
335
16715
337
338
339
340
341
342
343
344
345
349
16736
33129
16756
76
16768
16776
16779
16782
16783
16784
16786
16787
33179
16798
16803
33191
16808
16812
16835
16848
16850
16857
16861
16865
16887
16890
16893
512
513
514
515
516
517
518
519
520
521
522
523
524
525
526
527
528
529
530
531
532
533
534
16916
536
537
538
539
540
541
542
33306
544
545
543
547
548
549
550
551
552
553
33317
555
556
557
16937
559
560
561
16945
563
564
562
566
567
568
569
33337
571
572
573
570
575
576
33341
33346
579
580
581
582
578
584
585
583
587
588
589
590
586
592
593
594
595
16980
597
598
599
600
601
596
602
604
605
606
607
603
609
610
611
612
613
614
615
17000
617
618
616
620
621
622
623
624
625
626
17011
627
628
630
631
632
633
634
635
636
637
638
639
640
641
642
33409
644
17028
646
647
648
649
650
651
652
653
654
655
656
660
661
662
663
17048
665
666
667
664
669
17054
671
670
673
17058
675
676
17059
678
679
674
681
682
680
684
677
686
687
688
17073
689
691
17076
692
694
695
17080
697
696
699
700
701
17085
33468
704
705
706
707
708
709
710
711
712
713
714
715
717
718
719
720
721
33489
723
33492
725
726
33495
17111
729
17105
731
732
33501
733
734
736
737
735
739
17118
741
742
743
744
745
746
747
750
751
752
753
754
755
756
757
759
17143
761
762
763
764
765
766
767
768
769
17154
771
772
773
774
775
776
33545
777
779
778
781
782
783
784
786
787
788
789
790
791
793
794
795
796
797
798
799
800
801
802
17184
804
805
806
33575
803
17187
810
811
17194
813
814
815
816
17199
818
819
820
821
822
823
824
825
827
829
830
832
833
834
836
17221
17223
840
841
33610
843
17228
845
846
847
839
849
844
851
852
853
33622
16452
855
857
858
856
860
861
862
33631
863
17248
866
864
868
869
865
871
16455
17257
874
875
873
877
878
33647
33646
881
882
880
884
885
886
879
887
889
883
891
892
893
890
895
896
897
894
899
900
901
902
33670
903
905
907
909
910
911
912
913
915
916
917
918
33687
921
923
924
17307
926
927
928
925
930
931
932
933
934
935
936
937
17321
938
940
17322
33707
943
942
945
946
947
948
949
17333
951
17335
953
950
952
956
958
960
961
962
963
966
33735
968
17353
970
969
967
973
975
976
977
978
17363
33748
981
982
983
984
985
986
987
988
990
993
994
997
999
1002
1003
1004
1005
17389
1007
33775
1006
1010
1011
1012
17397
1013
1014
1017
1018
1019
1020
1021
1022
1024
1025
1026
33792
17408
1027
17414
1030
1032
1033
1034
1036
1037
1038
1039
1040
1041
1042
1043
1044
17423
1047
17431
1049
1053
1054
1055
1056
1057
1059
1061
1063
1064
1065
33834
33835
1067
1069
1070
17455
1072
1073
1074
1066
33836
1077
1078
1079
1080
17464
1082
17466
1083
1084
17469
33855
1088
1089
1087
33854
1092
1093
1094
1095
1096
1097
1098
1099
1100
1101
1102
1103
1105
1106
1107
1108
1110
17495
1112
1113
1114
1115
1116
17494
1119
1120
1121
17506
1123
17508
1125
1126
33892
33895
1129
1130
1131
1132
33900
33897
17513
1136
1137
33901
17523
1139
1140
1141
1142
1145
1148
1149
1151
1155
17541
1158
1159
1160
33928
1161
1164
1167
1169
1170
17554
1172
1171
1174
17559
1176
1177
1178
1179
1180
1182
1183
1184
1187
1188
1189
1192
17577
1194
1195
1193
1196
1197
1199
1198
17583
1202
1203
1205
17591
1208
1210
1211
1212
17596
1215
17599
1217
1218
1219
1220
1221
17606
1225
1226
1228
33996
1233
1234
1235
1236
1237
1238
1239
1240
1241
1243
1245
1246
17630
1248
1251
1252
1253
1254
34023
1256
17642
1260
1262
1263
1265
1268
1269
1270
1271
1273
1274
1275
17662
34047
1280
1281
1284
1285
1287
1289
1290
17675
17673
1294
17678
1296
1298
1299
1300
1304
1305
1306
1308
1309
1310
1311
1312
17696
1315
1318
1319
1320
1323
34091
1325
17710
1327
1329
1330
1331
17713
1339
1340
1342
1344
1345
1346
1348
17734
1350
1351
1355
1356
1358
1363
1365
1366
34135
1369
1373
34142
1375
1374
1377
1380
34149
1382
1383
1386
17772
1388
1393
34162
1395
1396
1397
1398
1394
1400
1405
32844
17792
1409
17793
1411
1412
17794
1414
1416
1417
17800
1420
1421
34190
17808
1425
1426
1427
17809
1429
17815
34199
1435
1437
1439
17826
1442
1445
1446
1447
1448
1449
1450
1451
1452
34221
1453
1455
1456
1458
1459
17843
1460
1463
1464
1466
17852
1470
1472
1473
17859
1476
1477
1475
1479
17864
1480
1482
1483
1484
34250
34251
1487
1488
1489
17871
1485
1492
1493
1494
1495
1496
1499
1500
17883
1504
17889
1507
17893
1510
1514
1516
1518
1519
1520
1523
1524
1525
1527
1528
1530
1531
1532
1535
1537
1538
34307
17924
1540
1541
34313
1549
1550
1551
17936
1552
1555
1556
1557
34327
1559
1562
1563
1564
1565
34333
1567
1569
1570
1572
1573
1574
17959
1575
1577
34342
1579
1580
34349
1581
1583
1585
17970
1589
17974
1590
1591
1594
1595
34364
17982
1599
1601
1603
1604
34373
1606
1605
1611
1612
1613
17996
1615
1616
34382
1618
1619
34388
1621
1622
18006
1620
1625
1626
1629
1630
1631
1633
1636
18023
1639
1641
1645
1646
1650
18036
1653
1652
1655
1656
1654
1658
18044
1661
1663
1665
1666
1671
1672
1673
1674
1675
1678
1679
1681
1682
1684
1685
1687
1690
1691
1692
18075
18076
18079
1699
1700
1701
1704
18088
34472
1708
1709
1710
1711
1712
34482
1716
1717
1718
18102
1721
1722
1724
18109
1726
1727
1729
1730
1735
1736
1737
1739
1742
1746
18130
1749
1751
1753
18138
1755
1757
1758
1759
1760
34529
1764
18152
1769
1771
1773
1774
18160
1776
1778
1779
1781
1785
1789
1791
1792
18176
1794
1798
34567
1802
1803
1804
1805
1807
1808
1809
18194
1811
18195
1813
1810
1815
1816
18201
1818
1819
1823
1827
1828
18211
1831
1832
1833
1836
18221
1838
1840
1841
1843
1844
1847
1849
1850
18233
18236
1853
1855
1860
1861
1863
1866
1867
1868
1869
34637
1871
18256
1873
1874
1872
1876
34639
1879
34650
1883
1882
1884
18266
1885
1888
1889
1890
1891
1892
1893
18277
1894
1896
1897
1898
18278
1900
1901
18287
1904
1907
18291
1910
1911
1917
18302
1922
1923
1925
1928
1929
18315
1934
1935
1936
1937
1938
1939
1942
18327
1945
1946
1947
18332
1949
1948
1951
1952
1953
1954
1956
1957
18341
1960
1961
1962
1963
18347
18351
1970
1972
1973
1975
1977
1979
18364
1981
34749
1983
18369
18370
1987
1988
1986
1992
1993
1994
1996
1997
34764
1999
2000
2001
2002
2003
18383
2006
2007
2009
2010
2012
2015
2016
2019
2020
18404
2022
2025
2026
18411
18412
2030
2031
18417
2034
18421
2038
2041
18427
2046
2047
2048
2051
2052
34821
2054
18437
18440
18441
2061
2062
2063
2066
2068
2069
34839
2071
18456
2072
18459
2075
2076
2077
2079
2080
2081
2082
18462
2086
2087
18471
2089
2090
2091
18473
18475
2088
2097
2098
34867
2100
34869
2102
2103
2105
2106
18489
18492
2107
2110
2111
2112
2113
18494
2117
18501
2119
2120
18503
2122
2123
18507
2125
2126
2127
18504
34897
18515
2132
2134
34904
2138
2139
2140
34906
2142
2146
2147
34915
2149
2148
2151
18531
2153
16710
18540
2157
2158
2160
2161
18548
2164
2166
2165
2168
2169
2170
2171
2172
2173
34942
2175
2176
2177
2178
2180
2183
2184
16716
2189
34958
2191
2192
2193
34962
2196
18580
2199
34968
2201
2202
2203
2205
2207
2208
2209
2210
34975
2212
18596
2215
18600
2217
34990
2223
2224
2225
18613
2229
2230
18620
2237
2236
2240
2241
2242
18627
35010
2249
2252
18637
2254
2260
2261
2262
35036
18653
2269
2271
2280
18667
2285
2287
2288
18674
2290
2292
2293
2295
2296
2297
35064
2300
2301
2303
35072
2305
18689
2307
2308
18694
2310
2312
2315
18701
2319
2321
35089
2323
2322
2325
2327
18713
2330
2331
2329
2333
35102
2337
2339
2341
2342
2343
2348
2349
2350
2352
18737
18738
2353
2354
2357
2359
2361
2364
35132
18749
2368
2374
18759
2377
2383
2384
2388
2389
2390
2395
2396
18779
35167
2401
2403
2406
2409
2410
2411
2412
2416
35186
2420
18806
18807
2422
18809
2430
2432
2435
35204
2437
18822
2439
2440
2441
2442
2443
2444
2445
2449
35217
18835
2451
2453
18833
2454
18840
35226
2459
2461
35229
2463
2465
2466
2467
2469
2470
18855
2471
2473
35241
2475
2474
2477
2478
2476
2479
18863
2482
2484
35253
2485
18871
2486
2489
2490
18876
2494
2497
2498
2499
2500
2501
2502
2503
35270
35271
2504
2510
2512
2513
2515
2516
2522
2523
2525
2527
2528
2529
2530
2533
2537
2538
2539
2540
2541
18926
35312
2545
2546
2547
18931
2551
18935
2553
2552
2554
2556
18949
2568
2569
2571
2572
18957
2574
2575
2578
2579
2580
2581
2583
2584
18967
2586
35352
2591
2593
2595
2597
2598
2601
2604
35373
2605
35375
2608
2609
2612
2613
2614
18999
19000
2616
2620
2621
2622
2623
2624
2625
2629
2631
2633
19017
2635
19019
19021
2638
2639
33089
2641
2634
2645
19031
35417
2651
35419
2653
2654
19039
2652
19041
2660
2665
2667
2671
2672
2676
2677
2679
2680
35449
2682
2683
19068
19069
2688
2690
2695
2699
2700
2702
2704
33102
2705
2709
2711
2713
2714
2716
19101
2718
2721
2722
2723
2724
2725
2726
2727
2728
2729
19113
19115
2731
2733
19121
2738
2741
2743
2744
2747
2751
2754
2756
35525
2757
2759
35528
2761
2762
2760
19153
2771
2772
19157
19158
2774
2777
35547
2782
2783
2786
19172
554
19174
2791
35563
19183
2801
2802
35573
2807
2808
19192
2810
2811
19196
2812
2814
2815
2813
2817
19199
2819
35588
2823
35593
2828
2829
2831
19220
2839
2840
2842
19226
19227
2845
2846
19231
19233
2849
2852
19243
2860
2862
2863
2865
2866
2867
19249
2875
2877
2878
2879
2880
19265
19268
2886
2887
35656
2888
19270
2891
2894
2895
2896
35667
2900
2902
2903
577
19289
2908
2909
2910
19294
2912
2913
2920
19305
2922
2923
2927
2929
19314
2931
2936
19321
2945
35717
2954
19338
2955
35725
2958
19344
2965
2966
2968
2969
2970
2971
2972
19352
35739
2975
19359
2977
591
2979
19366
2983
19368
19367
2985
19375
2992
2994
19378
2996
2997
19387
3004
3005
19390
3010
35785
3018
3021
35794
19411
35795
3027
3032
3033
3042
3043
3044
19429
35814
3047
3048
3049
3050
3051
19433
3052
3054
3055
19437
3059
3061
3064
19449
3069
3070
19457
3073
35845
3077
3083
3086
19470
3092
3094
3095
3096
3097
19482
3099
3101
3102
3105
3107
19492
3112
3113
35881
3119
19505
3121
3123
3127
3128
3133
3134
3135
19521
3140
3141
3142
3143
3144
3151
3152
3153
3155
3158
3161
19546
3172
3173
3174
3175
3178
19566
3184
3185
19570
19573
19576
19581
3200
19584
3202
35971
19588
3205
3206
3207
3209
3214
3219
3220
35988
3222
19606
3224
3231
3235
643
3237
19621
3241
3243
3246
645
3249
3251
3254
3255
36024
3258
3259
3262
3263
19646
3266
3267
3272
3274
19661
19662
19663
3278
3281
3282
3284
3285
19670
3287
3288
3289
3286
3291
3292
3293
3299
19683
3301
3302
16939
3306
19691
3308
3309
3310
3312
3313
19700
3316
3317
3322
3323
3326
3327
3329
3330
19716
3333
3337
3339
3341
3342
19727
3344
3346
3348
19733
3350
3351
3353
36122
19739
3360
3362
3363
3364
3365
19749
19746
3368
36137
19760
3377
3378
672
3383
3384
3385
3387
3389
3390
36157
3393
3396
3399
36170
3406
3407
3408
36179
3415
3417
3418
3420
3421
3422
3423
3426
3428
3431
19820
3437
683
3441
3442
36214
19830
3447
685
3450
3451
3453
3455
36225
3458
19845
3462
3461
19848
3467
3469
3470
19855
690
3473
3475
3476
19860
3478
3480
36248
36252
3486
3487
3490
36259
3491
3493
3494
3496
36267
3500
3501
3503
3504
3511
19899
3515
3520
3525
3527
36298
3530
19916
703
36305
19923
3540
3542
3543
3546
3550
3551
19936
3557
3562
19946
3563
3565
3568
3569
3572
3574
3575
3578
19962
3582
16994
3584
3590
3593
36366
3598
3603
19987
3606
3607
33281
3609
3610
3608
19998
3616
3622
3630
33286
3637
3638
3640
36410
20027
3643
3646
20032
3649
3651
3656
727
20043
3662
36430
3664
3666
20052
3669
3675
3676
20061
20062
36445
3681
3684
3685
3687
36456
17015
3691
3692
3694
20080
3698
3699
20084
3701
3704
3706
3712
3714
738
3718
3719
3720
20107
3724
3728
36496
3731
3732
3733
3746
3750
3753
20138
3755
3756
20142
36528
20144
3762
3767
3771
3772
3773
20155
3776
36547
3782
3788
3789
3790
3791
3792
3795
3796
36565
20182
3799
36568
3801
3798
3800
20187
3807
3809
3810
3812
3814
3817
3818
3819
3820
20205
20209
3829
20213
3833
20217
3835
3840
20225
3842
3843
36614
20230
3849
3851
3852
3853
36620
3856
3858
3860
3861
3862
17050
3867
3868
20253
36635
3870
3874
3875
3877
3878
20261
3884
20268
20270
3887
36656
3889
3890
20277
3894
20281
20283
20284
3902
3903
3905
3911
3912
3914
3918
17061
3922
3923
3926
20311
20312
20313
3931
3934
3936
20321
3938
3939
3940
3941
3944
3946
36719
3954
3956
3958
3961
3964
3965
20350
3969
3970
20357
3975
3976
3978
3979
3981
3989
3991
3992
3993
3998
3999
20385
4001
20392
4009
36776
36780
4016
20405
4021
4023
17082
36793
4031
36800
20417
4035
4036
20421
4038
4037
4040
4042
4044
4047
4048
20431
4050
4055
36823
17088
4059
807
20448
4066
4070
4073
4077
4078
4079
4084
4086
36855
20473
20476
4093
4094
4096
4098
36868
20486
4115
4116
20501
4118
36885
4121
36890
36892
4125
4126
4129
4132
4135
4136
4141
4149
4152
4154
4158
4160
4161
4163
4167
4170
4173
36941
4175
36946
4184
4188
4199
4200
4208
20592
4210
4209
20594
4216
4217
4221
4228
4230
4231
4232
4233
37006
4241
20626
4243
4245
4250
20634
4251
4255
4264
4265
4266
16451
4269
4271
4279
4282
4283
4284
4286
4287
4289
37058
4291
37063
4295
4297
4298
37068
37069
4303
20688
20687
4306
37073
4305
4309
4313
4314
4315
20700
4318
20703
4323
4326
20715
4332
4333
4334
4337
37108
4340
4343
20731
4348
20732
4350
4352
4353
4354
4361
20751
4369
4371
4372
37146
4379
4381
20767
4389
37157
4391
4393
4394
4395
4396
4398
4399
4401
17157
4406
4407
4409
20794
20795
4415
37185
4417
20802
4419
4423
4424
20809
4426
20811
20813
4430
37199
4432
20823
4440
4444
4446
4447
4448
20833
4452
37221
4453
4455
4456
20840
4458
20843
20845
37230
37231
4463
4469
4471
20857
4477
4478
4481
4482
4485
4486
37256
4488
37258
4489
20878
4495
4497
37268
20887
4505
4506
37275
4508
20893
4510
4512
37282
4516
4518
4520
33463
4522
4526
4527
4530
4531
4533
4535
4537
4546
4552
20938
4554
4558
4560
4562
4567
4568
4570
4573
20961
4577
4579
4582
4584
4585
37355
4588
4589
4593
4594
4601
4608
4610
4612
4613
21002
4620
4621
4623
21008
37397
4629
21021
4637
4639
21022
4641
4643
37412
21028
21029
37415
21032
4645
4650
4649
21036
37414
21034
4655
4657
4658
4659
37427
37430
4664
4667
4668
21060
21061
21062
21063
4682
4683
4687
21079
4696
4697
4698
4699
21085
4702
21087
4709
4711
4712
37480
21101
4718
4724
4726
4730
4733
4734
4736
4738
4739
4741
4742
37515
4750
21138
37524
4758
4759
4761
4764
4766
4767
4769
21154
4774
4775
37543
4778
21163
21164
4781
4784
4785
4788
37558
4792
4793
37561
4796
37568
21185
4802
4804
4805
4809
37578
4810
4811
37581
21198
4815
4816
21201
4812
4814
4817
4818
21207
21208
4825
4826
21211
37597
4832
17243
4837
21222
4838
21227
4849
4850
4851
4852
4853
37623
37626
4859
4860
4861
4862
37634
21251
4868
37637
4873
4879
21263
21264
4883
4885
21269
4894
4895
21283
37668
21284
4902
21287
4901
4905
4907
37677
4909
4910
4912
4913
33541
4914
21300
4918
4919
4921
4922
37691
4924
4925
4932
4935
4936
21321
4944
37713
4946
4947
4951
4952
4957
21341
4959
4961
21345
4963
4964
4966
4970
4974
4976
21361
4980
4982
4987
21374
21375
4992
4993
4994
4995
5003
21387
5005
5009
5011
5016
37789
5023
5028
5031
21417
5034
5035
37804
5039
37807
21423
21427
5046
5047
5050
37818
5052
21441
5057
5061
21446
5066
5067
5068
5072
21459
5076
5079
37849
21465
5084
21472
5094
21478
5099
5100
5101
5102
5107
21497
21510
5132
21516
5134
5135
5138
21524
21526
37916
5149
21534
5150
37919
5153
37922
5154
37923
5148
5159
5161
5164
5165
21550
5168
5169
5170
5171
5172
5173
5174
21560
5178
21563
37949
5185
5190
37964
5205
5206
5208
5215
5216
5220
5222
5231
5232
5234
38003
5237
5241
21625
5242
38013
5252
5253
5256
38030
5264
5265
5266
5269
21654
5274
5276
38049
5282
5284
5285
5287
21672
5289
5294
5298
21683
5299
5303
38071
21692
5309
5311
5320
5321
38091
5325
38096
5329
5335
5337
5341
5342
5346
5347
5349
5354
21739
5356
5357
38127
5363
5364
5369
21768
5386
5389
1071
5391
5392
21780
5398
5400
21785
5401
21790
5407
5408
21795
38179
5417
21803
5420
5421
5422
5429
5430
5432
21817
5435
5436
21821
5438
21823
5437
5440
5444
5448
21834
21835
5451
5455
5461
5466
5471
5474
21861
5481
5484
5491
5496
38267
5499
5501
21887
21888
5507
5509
5512
21900
5516
5523
5524
21910
21914
5533
5534
5535
5537
5541
38313
21931
5547
5549
5553
21938
38322
5558
5559
5560
21944
5561
21948
5567
21951
5576
5579
21965
5581
5583
5585
5586
5589
5591
5592
21977
5594
5598
5601
5603
5604
5608
5609
5611
5613
5618
5619
5621
5622
5627
22020
22029
22030
1122
5649
5654
5656
38425
5659
5661
5662
5664
22053
22054
5671
5673
5677
38447
5682
5685
5687
5690
22077
22078
5696
5697
5698
5706
5707
1134
38477
22090
22096
5713
38481
22103
22104
5721
5722
5724
5725
5726
22109
5728
38499
22116
5734
22124
5741
22126
22127
5744
5746
38514
5748
5749
5750
5751
5754
5757
5760
38531
5763
5766
5767
5771
5775
5777
5778
22163
22164
5779
5782
5783
5784
5788
5790
5791
5795
5799
5800
5803
5805
22192
5810
22196
5814
22199
22201
5817
5821
22208
5828
5829
5831
5833
5836
5840
5844
5853
5857
5860
5862
5864
22252
5869
22253
5872
5873
38645
5877
5879
5888
5893
5894
5898
5900
5903
5904
5906
5910
5914
5919
5922
5924
5928
22314
5931
38702
5936
5937
5940
22324
5942
33745
5944
5946
5956
5960
5961
5976
5979
5983
5984
5988
5989
38756
5994
22381
5999
6006
17476
6012
22398
6016
22401
6018
38788
38792
22408
6026
6027
22410
6030
22414
22419
6036
22423
6039
22428
38813
6046
6052
22442
6058
6060
6061
38829
6063
6065
6066
22450
22451
6068
22458
6076
22465
6083
6086
22470
6089
6092
6094
6095
6099
6102
6108
6110
6111
6112
6115
6116
22501
6121
6124
22509
6126
6131
6135
6136
6141
6148
6150
6151
6153
6157
6160
6162
6164
22548
22550
22549
6172
6173
38941
22559
6176
6177
6179
6182
6194
6195
22580
6197
22581
22585
38974
6207
38975
22597
6215
6216
6218
6220
38988
6221
6222
6225
6226
6234
6235
6242
6244
6247
6254
22640
39029
6267
39036
22654
22656
6277
6286
6287
22676
6293
22681
22682
6297
6302
6307
6310
6311
22696
6313
6314
6315
6316
22697
6319
6323
6325
6328
6329
6331
6333
6336
6339
6347
6348
6351
6352
6355
6358
6368
6370
22759
22764
22772
22777
22779
6400
6401
6402
6403
6406
22796
6417
6418
39188
6420
6423
22813
22814
6431
6433
22821
6442
6444
6446
6448
22832
6455
6458
39234
22852
6470
6473
39241
22863
6481
39256
6492
22877
6493
39265
22881
6502
6503
22889
6506
22895
22896
6514
6519
22906
6523
39290
6525
6528
6531
22916
6533
39303
6537
6538
22923
6540
22925
6547
6549
6550
39321
6555
6559
39328
6561
22946
6564
6565
22954
6575
6584
22973
6589
6592
6594
6596
22980
6598
6597
22984
6601
39369
6605
39374
6609
22994
22993
6611
6613
39382
6620
6621
23005
6631
6632
23016
23019
23021
6643
23032
6648
6663
6664
6671
23056
23061
39446
23065
6682
6684
6687
23072
6692
6698
6704
6719
6721
6729
23116
6733
6732
6734
6736
6744
6747
23131
6753
6754
23144
6765
6773
39544
23163
6780
6779
6783
6784
6786
23172
6788
6792
23181
23185
23186
6803
6804
6805
6806
6807
23187
39577
6812
23205
6824
6827
6831
6842
6851
6857
39626
6863
6866
6867
23257
39642
6873
39644
23261
6878
6879
6880
23266
6883
6884
23268
6885
6888
6893
23278
39662
23281
6902
6905
6906
23291
6907
23293
6910
23296
23297
6914
6918
6919
6922
6926
23311
6927
6933
6934
6935
6939
6943
39712
6945
6946
6947
6952
23337
6955
6956
6973
39747
6982
6993
6998
7004
7005
7009
23398
7016
23409
7029
39798
39799
7033
7035
7040
23427
7046
7048
23432
7050
7053
39824
7060
23450
7067
7068
23451
39837
7072
23458
23463
7080
7081
23470
23476
7093
7094
7097
7100
7101
23488
7110
7111
23494
7113
7115
7117
7118
7119
7120
7124
7128
7132
23516
7139
23525
7141
7143
23541
7166
39935
7168
23554
23557
7175
23563
7184
7186
7195
7199
7202
7210
7213
7214
7220
7223
7224
39993
7226
23610
39997
7232
7235
7236
7238
7240
7242
7244
7245
7248
7251
40024
23650
7266
40048
7280
7282
23667
7286
7287
7288
40054
7293
7297
7298
23681
7300
7301
7305
7309
7315
7317
7318
7319
7320
7325
7328
7330
7333
23723
23725
7342
7352
7355
7356
7359
23743
23746
23747
7364
7365
7369
7370
7373
7375
23763
7383
7385
7388
40156
7391
7395
7404
40173
7406
7405
7411
40179
7413
7418
7423
7425
7429
40202
7435
23821
7437
23824
7441
40208
23828
7447
23836
23846
7464
7472
40244
7476
7480
23866
7483
7489
23883
7504
7505
7506
7507
7509
7510
7515
7516
7517
7523
7533
7538
7541
7543
40311
7548
7562
40331
40336
23953
7569
40339
7578
7579
23963
7581
23967
7589
7591
7594
7596
7601
23987
40373
7609
7614
7615
7616
40383
7619
7626
7633
24019
40408
24024
7647
7650
7651
7657
7659
24049
7667
7670
7672
40441
7673
40446
40448
7681
24066
7683
7688
24073
7690
7694
7696
7698
24083
7700
40469
7702
7704
7705
24093
7721
7732
7737
7744
7745
7746
7747
7749
7750
24144
7764
24149
7767
7771
7777
7782
7787
7794
7795
7796
7797
7798
7801
7802
7803
24190
7810
40588
7822
24206
7828
24217
7847
7848
7850
40621
24239
24241
7858
7860
7861
7862
7866
7876
24266
7882
40654
7888
40657
7890
7893
40661
24280
7898
7907
7910
7913
7918
7919
24306
7925
24311
7929
40704
7954
24340
7957
7958
24344
24345
24346
7963
7964
24348
7971
40744
40745
7978
7979
7976
7980
7984
24369
40758
7991
7993
7998
8000
8007
8008
8012
24399
8020
8023
8025
24411
24417
8038
24423
40806
40807
8049
8052
24436
24438
24444
8069
8070
8082
8084
8087
40857
8093
8096
8098
24482
40873
24492
24493
8118
8119
8134
24523
40911
8144
40922
8154
8157
40926
8158
8162
8163
40934
8170
24557
8181
8184
8188
8190
8192
40964
8197
24582
24584
8204
8208
8209
24597
8217
8218
8222
8225
8227
8231
24615
24626
24631
8253
8258
24643
24644
8264
8265
24659
41046
8283
8285
8289
8291
41060
8298
8300
8301
8305
8306
8312
8313
8318
8325
8336
8340
8341
8342
8350
8353
41124
41127
8361
41132
24752
8371
24756
8373
8374
24759
41144
8383
41154
8396
24781
8402
41173
8408
8417
24808
8426
8447
8448
8450
8456
24840
8459
8467
8469
8470
8474
8476
8481
41249
24867
24874
41262
24879
24881
8504
8506
41274
8508
41277
8509
8511
8512
8507
24905
24906
8524
8525
8529
8531
8532
8538
8541
41310
8546
8547
8557
8560
41332
41333
41334
24957
8576
24970
8588
8596
24981
8601
24990
8608
8609
24993
8612
8616
8617
8626
41396
25018
8634
25022
8639
8638
25025
8646
8652
25037
25038
8657
8659
41429
8661
8666
25051
8667
8669
8670
41439
25056
8673
8674
8675
25068
8685
8686
8691
25078
8698
25089
8706
25096
8714
8721
8726
41501
8737
8739
25124
8743
8763
8765
8771
8772
8774
8776
8786
25172
41560
8797
8798
8802
8803
41573
8808
25194
8815
8817
8823
8824
8829
8837
8838
25224
25225
8842
8844
8847
25233
41617
8851
8853
8855
8858
8863
8866
8874
8876
41646
25262
8888
25274
41658
25275
8893
25276
8895
8906
8911
8912
41686
41687
8919
8933
25317
41704
8943
8944
8949
8953
8954
8960
8964
8965
8969
8979
8986
41757
8990
8991
8992
8993
41762
41764
8997
9001
9006
25394
25395
9028
9030
25414
9035
9037
9038
9040
9050
9052
9054
9057
9060
9061
25444
9063
9065
9067
9069
9071
9074
9077
9083
25475
25476
9093
9094
9097
9098
25481
25486
9106
9109
9118
9119
25504
9123
25512
9129
25513
9136
9137
41905
41906
41909
25528
9151
9152
9154
41923
9163
25547
25551
9173
9175
9179
9181
9183
9185
25571
9190
9193
9194
9197
41967
9200
41969
9203
41974
9207
25595
25604
9223
9224
9227
25626
9247
9249
25635
25638
9254
9258
25652
9269
9270
9273
9275
25659
42045
9286
9289
9293
9297
25682
42069
9301
42070
9305
9308
9317
9319
25705
42092
42095
25714
25717
25719
9336
9338
9340
9342
9346
42118
9357
42129
9362
9365
25752
9370
9374
9375
9379
9384
42154
42158
25775
9391
9390
9393
25789
9409
9410
9413
25797
9415
42185
9417
9421
9423
25813
42199
25817
9435
9437
9442
25830
9450
9458
42229
9462
9463
9465
9468
9469
9471
9475
9476
42253
9492
25876
9510
9513
9518
9521
9527
25912
9530
25915
9532
25917
9539
9545
9546
9552
9555
9568
9577
25970
9589
25974
25975
25977
9593
25982
9604
9607
9614
9618
9619
26005
9626
9637
9639
9644
9649
26034
26035
26037
9663
26051
26053
9673
9674
26059
26060
9679
9680
9682
9686
9690
9694
9696
9698
42468
9701
9705
9706
42485
9718
9719
9722
42493
9729
9733
9738
9739
9743
9751
9753
9754
26147
26149
9765
9767
9773
42551
9783
9784
9786
9787
9793
42562
9798
9812
42582
9815
9817
26201
9822
9831
9832
42609
42617
42618
9854
9861
42641
9875
9877
9880
9882
9883
9886
9889
42662
9894
9897
9898
9899
42669
9913
9920
42690
9929
42713
9946
9948
9949
9950
9952
9953
9955
26346
9965
26350
9967
9975
42744
9977
9982
26374
9994
26382
10007
26396
42782
10016
10031
42800
10033
26422
10039
26426
10048
26440
26441
10058
26443
10064
10068
10069
42847
10080
10081
26464
26467
26468
10085
42857
10097
42872
26493
10111
10113
26499
10116
26501
26509
10126
10127
10129
10130
10133
10137
10146
26536
10155
10157
10158
26545
10174
10197
26602
26603
10220
10223
10226
10229
10233
10234
10235
10243
26631
10253
10256
26646
10264
10266
10270
10273
10274
26661
10282
43053
10289
26677
26678
10297
10300
10304
26690
10309
26693
10313
43097
10329
10333
10334
10336
10338
43112
26734
10355
10359
10361
43132
26750
26760
10376
10378
10380
10387
10388
10390
10401
10404
10408
10414
10418
10425
26811
43201
10435
43204
26824
10443
10459
26845
26846
10464
10469
43243
10476
26865
10485
26873
26878
10495
43265
10498
26887
10508
26894
26899
10518
26904
10521
10522
10528
26915
26917
43302
10536
10537
26923
26925
10545
10551
43321
10555
10563
26951
10568
10570
10572
43341
10578
43350
26967
10586
26972
26973
10589
10593
10595
10604
10607
43383
43388
27008
10626
10627
27014
10633
43404
10640
10648
27034
43423
10666
27054
10672
27058
43452
43465
10698
43469
10703
43471
10706
10707
10709
10711
43480
27098
10718
43495
10732
10735
10737
43506
10740
10750
10752
43524
10761
10763
27147
10768
10779
10780
27168
10788
10789
27181
10799
43569
10801
43573
10809
27202
27213
27217
10843
43618
10851
10857
27244
10868
10876
43646
10881
10883
10893
10901
10904
27288
27290
43676
10909
10910
10912
43681
10921
43689
27305
43699
18455
27319
10941
27326
10946
27332
10949
10951
10954
10955
10961
43734
10967
10968
10969
27354
27358
43744
10979
10995
10997
11006
43775
11007
11009
43780
11012
27405
11021
11024
11028
11035
11038
27431
11051
27440
11059
11063
27447
27449
11071
11073
11075
11076
11078
11079
11086
27472
27479
11096
11104
27506
11122
11124
11126
11132
11133
27520
43907
27531
11148
11149
11151
11153
11157
11160
43928
43938
11180
11181
11187
27571
11191
27576
11193
11195
27579
11200
11221
27606
11224
27619
11237
11240
11242
27629
11246
44020
11255
11257
11258
27643
11266
27654
27669
11287
11290
11295
11301
44073
11307
11308
11312
11331
11344
44117
11354
11356
11357
11358
11365
11367
11371
44140
11374
11380
11387
11388
27775
44165
27787
18549
11405
11407
27792
11410
11416
11430
44201
27819
11438
11441
11444
44217
11449
11455
27846
11463
11469
27853
11472
11475
11476
27860
11478
27871
11489
11500
11501
44275
27898
44283
27904
44294
27914
11535
11538
27923
44311
27932
11549
27951
11573
11574
11584
11589
27974
27976
27978
44363
11594
27979
11606
27992
44376
44378
11615
11618
28008
11636
11637
28021
11639
44405
11652
28040
11673
28057
28062
11680
11690
11692
28083
11701
11703
11711
11716
28110
11731
44506
11749
28134
11758
28144
28151
11769
11775
11781
11784
28174
28177
11793
11795
11798
44570
11807
44577
28193
11813
11821
28209
28214
11838
28223
11840
11842
11843
44614
11848
44617
28234
11849
44628
11862
11865
11867
11868
11869
28257
11875
11884
11887
28275
11892
44663
11896
11898
28286
44675
11909
11912
11920
11929
11932
28318
11938
11943
44712
11957
11967
11969
11972
28359
11977
28362
44747
11980
11982
11986
28373
11990
11997
11999
12001
12002
12004
28389
12006
12009
12010
44778
12020
44789
12030
12033
12034
44813
12048
12054
28438
12059
44827
28459
12085
12087
12092
44864
12098
12105
12114
12118
28507
12123
12126
12135
28520
44905
28522
28521
12140
12143
28527
12146
12154
28541
12164
12165
28552
28556
28559
12180
12182
44953
28572
12188
12190
28575
12196
12199
12206
12216
44990
12231
28618
12234
12238
45016
28638
12265
12270
12271
45039
45047
28664
28667
28677
12302
12303
12308
28695
12311
28707
12333
28720
12342
45111
12350
12359
12360
12363
12364
12365
12368
12375
12376
12386
12388
28784
45169
12411
12415
12421
12431
45199
12433
28817
2472
28823
45208
12440
12444
12447
12449
45219
12451
45223
12456
12457
28843
12470
12472
12473
12479
12484
28869
12490
12494
45282
12518
12520
28905
12525
28912
45306
12544
45322
12560
12566
12567
28959
12577
28963
12580
12579
28968
12587
12588
12589
12598
45368
12601
45370
12604
45379
12612
12613
12618
12623
12628
12636
12637
12640
12644
12650
12652
12653
12658
29043
45429
12663
29049
12665
29056
12676
12678
12679
12682
12684
12687
29072
45460
45470
12703
45480
29098
12716
12721
45490
45492
29109
12726
12724
12735
12744
12745
12746
12750
45524
29141
12759
29146
29147
12767
29153
18820
29156
29159
12781
12784
45559
12796
45567
12807
12810
12811
12812
12813
45591
12827
29212
29217
12844
29245
12862
12865
45637
12872
12873
12878
45661
12897
29282
29289
12906
12905
29292
29304
12924
12930
12937
12938
29331
12952
45723
29340
12960
29346
29351
12968
29354
12971
12978
29377
45768
29393
13013
13016
13017
45787
45788
13025
29412
29426
13053
29445
13063
13065
13071
45844
29465
13083
13085
29476
29485
13107
45883
29502
13125
13126
13135
45908
45918
29554
13175
13188
13190
45960
13194
29581
29582
45974
29593
13212
29601
29616
13232
13241
13249
29636
13256
13258
13260
46033
46036
13275
13282
13283
46052
13293
13297
29681
13310
13319
46088
29708
13327
13332
13333
29720
13339
13347
29732
13349
13352
13353
46120
29736
13356
29744
13360
13362
13365
13373
13375
13380
29766
13387
13392
46162
13399
13403
13405
29792
29803
46188
29809
13430
29818
13444
13445
13446
29847
29858
13478
29863
13480
13487
13497
46270
13507
46280
13513
13516
13519
29910
13533
13534
13551
46323
13577
13584
13585
13588
13589
13592
13606
13615
13625
13629
46398
13634
13635
13657
30046
30048
13665
13669
13676
13682
30072
13689
13690
13694
46465
13700
13706
46474
30094
13716
13719
13721
13737
46505
13739
30123
30122
13740
13738
13751
30142
13760
30151
13770
13778
13785
30182
13800
30191
46575
30198
13817
13822
13825
13826
13829
46598
46599
13833
30223
13840
13839
13855
13866
13869
46642
13886
46655
30278
30282
13900
13911
13915
13919
46687
13927
13930
13937
46705
30327
13943
13945
13946
13951
13953
30337
13957
13959
30344
13964
30354
13972
30367
30384
14001
30392
30395
46782
30401
46787
14023
14024
30415
14035
14036
46808
14051
14052
30445
14062
14063
30450
14069
14072
46848
14088
14091
14092
46865
14098
14099
14102
14105
14106
30491
14115
30499
30501
30506
14123
14140
14141
30525
46922
30541
30542
14173
14181
14182
14188
30574
14191
30581
14199
14212
14216
14222
30606
46992
14223
14226
30616
14233
47002
30618
14239
14242
47011
47014
14248
30635
30636
14270
14271
14286
30675
14293
14297
14305
47076
30692
30694
14313
14318
47090
14322
30708
47113
14350
14371
47139
14373
14383
30769
30774
14395
30780
14400
47170
14404
14406
14415
30800
14417
30799
30807
47194
14426
14427
14431
30815
47205
14438
14441
47212
47217
14452
47228
14462
30847
14467
30860
47247
14492
14498
30896
14513
47288
14531
14534
47305
14537
14559
14572
14587
47357
14592
30982
14603
30987
30994
14615
14619
14621
14628
31016
31019
31027
14646
31044
14665
31050
14671
31062
31067
31071
14692
47463
14705
14711
14716
47488
14722
14724
14728
14732
31126
14744
14745
14746
31139
14758
14767
31152
14777
31169
14788
14797
14814
14819
31206
47596
31213
14829
14832
47603
14843
14850
31234
14857
31243
14863
31251
31253
14872
14875
14877
14894
14900
14906
14907
14911
31296
14913
31303
14922
14934
14935
14941
31326
14944
14947
14959
14961
14962
14963
47732
31349
14967
14971
31357
14975
47745
14979
14994
14996
14997
15000
47781
31402
31403
15020
31405
31407
15030
31418
15039
47807
47808
15061
15063
31449
31450
31452
31456
15079
15082
31479
15099
15108
31498
31503
15121
15122
31513
15134
31524
15144
15145
47918
15163
31557
47950
15185
15187
47961
15198
31588
15217
31606
15224
15233
15243
15249
15254
15255
48028
15273
15280
48053
15287
15310
48078
31710
15329
15345
48114
15351
15353
31738
15354
15362
15366
31752
15368
31754
15370
48145
15377
31772
31777
31778
31780
48180
48181
15419
31804
48193
15436
15443
15444
31829
48214
15450
15455
15456
15457
15464
15465
15472
31857
31858
31862
15479
31863
31878
15497
48269
15505
15512
31915
15543
15545
31941
48331
15571
31968
48352
15586
15587
31989
15614
15617
15618
32008
15630
15635
15646
15648
15656
15671
48441
15699
15709
15716
15723
32108
48493
48500
15733
48515
32139
32144
15760
15763
15766
32168
15787
15789
15792
15794
32183
15802
15806
32192
48581
32203
48588
15821
32209
15828
32222
15843
32231
15861
15870
32257
32276
15895
15897
15900
15901
15902
15906
32296
15917
15919
48688
48687
15924
15926
15931
32322
15939
15950
32334
15953
15959
15969
32360
15985
48754
15987
32373
48760
15997
32384
48771
16007
16008
32395
48786
16023
32409
48794
16029
16033
32417
32422
16039
16041
32426
16044
32440
32447
48833
16066
16068
16076
16078
16083
16093
16095
48864
32492
16118
32506
16128
32515
16139
32526
16154
16155
32539
32544
32547
16167
16169
16184
16188
16195
16200
16202
16210
32594
32598
32607
16225
16226
16233
16241
32627
16248
32653
32655
16278
49052
49059
16305
16308
16319
16321
16323
32712
32720
16341
16344
49113
16351
49122
16358
49127
49130
16365
16366
16371
49140
16375
16380
